# Camera list with one line of data per camera:
#   CAMERA_ID, MODEL, WIDTH, HEIGHT, PARAMS[]
# Number of cameras: 348
1 SIMPLE_RADIAL 1920 1080 2304.0 960.0 540.0 0.0
2 SIMPLE_RADIAL 1920 1080 2304.0 960.0 540.0 0.0
3 SIMPLE_RADIAL 1920 1080 2304.0 960.0 540.0 0.0
4 SIMPLE_RADIAL 1920 1080 2304.0 960.0 540.0 0.0
5 SIMPLE_RADIAL 1920 1080 2304.0 960.0 540.0 0.0
6 SIMPLE_RADIAL 1920 1080 2304.0 960.0 540.0 0.0
7 SIMPLE_RADIAL 1920 1080 2304.0 960.0 540.0 0.0
8 SIMPLE_RADIAL 1920 1080 2304.0 960.0 540.0 0.0
9 SIMPLE_RADIAL 1920 1080 2304.0 960.0 540.0 0.0
10 SIMPLE_RADIAL 1920 1080 2304.0 960.0 540.0 0.0
11 SIMPLE_RADIAL 1920 1080 2304.0 960.0 540.0 0.0
12 SIMPLE_RADIAL 1920 1080 2304.0 960.0 540.0 0.0
13 SIMPLE_RADIAL 1920 1080 2304.0 960.0 540.0 0.0
14 SIMPLE_RADIAL 1920 1080 2304.0 960.0 540.0 0.0
15 SIMPLE_RADIAL 1920 1080 2304.0 960.0 540.0 0.0
16 SIMPLE_RADIAL 1920 1080 2304.0 960.0 540.0 0.0
17 SIMPLE_RADIAL 1920 1080 2304.0 960.0 540.0 0.0
18 SIMPLE_RADIAL 1920 1080 2304.0 960.0 540.0 0.0
19 SIMPLE_RADIAL 1920 1080 2304.0 960.0 540.0 0.0
20 SIMPLE_RADIAL 1920 1080 2304.0 960.0 540.0 0.0
21 SIMPLE_RADIAL 1920 1080 2304.0 960.0 540.0 0.0
22 SIMPLE_RADIAL 1920 1080 2304.0 960.0 540.0 0.0
23 SIMPLE_RADIAL 1920 1080 2304.0 960.0 540.0 0.0
24 SIMPLE_RADIAL 1920 1080 2304.0 960.0 540.0 0.0
25 SIMPLE_RADIAL 1920 1080 2304.0 960.0 540.0 0.0
26 SIMPLE_RADIAL 1920 1080 2304.0 960.0 540.0 0.0
27 SIMPLE_RADIAL 1920 1080 2304.0 960.0 540.0 0.0
28 SIMPLE_RADIAL 1920 1080 2304.0 960.0 540.0 0.0
29 SIMPLE_RADIAL 1920 1080 2304.0 960.0 540.0 0.0
30 SIMPLE_RADIAL 1920 1080 2304.0 960.0 540.0 0.0
31 SIMPLE_RADIAL 1920 1080 2304.0 960.0 540.0 0.0
32 SIMPLE_RADIAL 1920 1080 2304.0 960.0 540.0 0.0
33 SIMPLE_RADIAL 1920 1080 2304.0 960.0 540.0 0.0
34 SIMPLE_RADIAL 1920 1080 2304.0 960.0 540.0 0.0
35 SIMPLE_RADIAL 1920 1080 2304.0 960.0 540.0 0.0
36 SIMPLE_RADIAL 1920 1080 2304.0 960.0 540.0 0.0
37 SIMPLE_RADIAL 1920 1080 2304.0 960.0 540.0 0.0
38 SIMPLE_RADIAL 1920 1080 2304.0 960.0 540.0 0.0
39 SIMPLE_RADIAL 1920 1080 2304.0 960.0 540.0 0.0
40 SIMPLE_RADIAL 1920 1080 2304.0 960.0 540.0 0.0
41 SIMPLE_RADIAL 1920 1080 2304.0 960.0 540.0 0.0
42 SIMPLE_RADIAL 1920 1080 2304.0 960.0 540.0 0.0
43 SIMPLE_RADIAL 1920 1080 2304.0 960.0 540.0 0.0
44 SIMPLE_RADIAL 1920 1080 2304.0 960.0 540.0 0.0
45 SIMPLE_RADIAL 1920 1080 2304.0 960.0 540.0 0.0
46 SIMPLE_RADIAL 1920 1080 2304.0 960.0 540.0 0.0
47 SIMPLE_RADIAL 1920 1080 2304.0 960.0 540.0 0.0
48 SIMPLE_RADIAL 1920 1080 2304.0 960.0 540.0 0.0
49 SIMPLE_RADIAL 1920 1080 2304.0 960.0 540.0 0.0
50 SIMPLE_RADIAL 1920 1080 2304.0 960.0 540.0 0.0
51 SIMPLE_RADIAL 1920 1080 2304.0 960.0 540.0 0.0
52 SIMPLE_RADIAL 1920 1080 2304.0 960.0 540.0 0.0
53 SIMPLE_RADIAL 1920 1080 2304.0 960.0 540.0 0.0
54 SIMPLE_RADIAL 1920 1080 2304.0 960.0 540.0 0.0
55 SIMPLE_RADIAL 1920 1080 2304.0 960.0 540.0 0.0
56 SIMPLE_RADIAL 1920 1080 2304.0 960.0 540.0 0.0
57 SIMPLE_RADIAL 1920 1080 2304.0 960.0 540.0 0.0
58 SIMPLE_RADIAL 1920 1080 2304.0 960.0 540.0 0.0
59 SIMPLE_RADIAL 1920 1080 2304.0 960.0 540.0 0.0
60 SIMPLE_RADIAL 1920 1080 2304.0 960.0 540.0 0.0
61 SIMPLE_RADIAL 1920 1080 2304.0 960.0 540.0 0.0
62 SIMPLE_RADIAL 1920 1080 2304.0 960.0 540.0 0.0
63 SIMPLE_RADIAL 1920 1080 2304.0 960.0 540.0 0.0
64 SIMPLE_RADIAL 1920 1080 2304.0 960.0 540.0 0.0
65 SIMPLE_RADIAL 1920 1080 2304.0 960.0 540.0 0.0
66 SIMPLE_RADIAL 1920 1080 2304.0 960.0 540.0 0.0
67 SIMPLE_RADIAL 1920 1080 2304.0 960.0 540.0 0.0
68 SIMPLE_RADIAL 1920 1080 2304.0 960.0 540.0 0.0
69 SIMPLE_RADIAL 1920 1080 2304.0 960.0 540.0 0.0
70 SIMPLE_RADIAL 1920 1080 2304.0 960.0 540.0 0.0
71 SIMPLE_RADIAL 1920 1080 2304.0 960.0 540.0 0.0
72 SIMPLE_RADIAL 1920 1080 2304.0 960.0 540.0 0.0
73 SIMPLE_RADIAL 1920 1080 2304.0 960.0 540.0 0.0
74 SIMPLE_RADIAL 1920 1080 2304.0 960.0 540.0 0.0
75 SIMPLE_RADIAL 1920 1080 2304.0 960.0 540.0 0.0
76 SIMPLE_RADIAL 1920 1080 2304.0 960.0 540.0 0.0
77 SIMPLE_RADIAL 1920 1080 2304.0 960.0 540.0 0.0
78 SIMPLE_RADIAL 1920 1080 2304.0 960.0 540.0 0.0
79 SIMPLE_RADIAL 1920 1080 2304.0 960.0 540.0 0.0
80 SIMPLE_RADIAL 1920 1080 2304.0 960.0 540.0 0.0
81 SIMPLE_RADIAL 1920 1080 2304.0 960.0 540.0 0.0
82 SIMPLE_RADIAL 1920 1080 2304.0 960.0 540.0 0.0
83 SIMPLE_RADIAL 1920 1080 2304.0 960.0 540.0 0.0
84 SIMPLE_RADIAL 1920 1080 2304.0 960.0 540.0 0.0
85 SIMPLE_RADIAL 1920 1080 2304.0 960.0 540.0 0.0
86 SIMPLE_RADIAL 1920 1080 2304.0 960.0 540.0 0.0
87 SIMPLE_RADIAL 1920 1080 2304.0 960.0 540.0 0.0
88 SIMPLE_RADIAL 1920 1080 2304.0 960.0 540.0 0.0
89 SIMPLE_RADIAL 1920 1080 2304.0 960.0 540.0 0.0
90 SIMPLE_RADIAL 1920 1080 2304.0 960.0 540.0 0.0
91 SIMPLE_RADIAL 1920 1080 2304.0 960.0 540.0 0.0
92 SIMPLE_RADIAL 1920 1080 2304.0 960.0 540.0 0.0
93 SIMPLE_RADIAL 1920 1080 2304.0 960.0 540.0 0.0
94 SIMPLE_RADIAL 1920 1080 2304.0 960.0 540.0 0.0
95 SIMPLE_RADIAL 1920 1080 2304.0 960.0 540.0 0.0
96 SIMPLE_RADIAL 1920 1080 2304.0 960.0 540.0 0.0
97 SIMPLE_RADIAL 1920 1080 2304.0 960.0 540.0 0.0
98 SIMPLE_RADIAL 1920 1080 2304.0 960.0 540.0 0.0
99 SIMPLE_RADIAL 1920 1080 2304.0 960.0 540.0 0.0
100 SIMPLE_RADIAL 1920 1080 2304.0 960.0 540.0 0.0
101 SIMPLE_RADIAL 1920 1080 2304.0 960.0 540.0 0.0
102 SIMPLE_RADIAL 1920 1080 2304.0 960.0 540.0 0.0
103 SIMPLE_RADIAL 1920 1080 2304.0 960.0 540.0 0.0
104 SIMPLE_RADIAL 1920 1080 2304.0 960.0 540.0 0.0
105 SIMPLE_RADIAL 1920 1080 2304.0 960.0 540.0 0.0
106 SIMPLE_RADIAL 1920 1080 2304.0 960.0 540.0 0.0
107 SIMPLE_RADIAL 1920 1080 2304.0 960.0 540.0 0.0
108 SIMPLE_RADIAL 1920 1080 2304.0 960.0 540.0 0.0
109 SIMPLE_RADIAL 1920 1080 2304.0 960.0 540.0 0.0
110 SIMPLE_RADIAL 1920 1080 2304.0 960.0 540.0 0.0
111 SIMPLE_RADIAL 1920 1080 2304.0 960.0 540.0 0.0
112 SIMPLE_RADIAL 1920 1080 2304.0 960.0 540.0 0.0
113 SIMPLE_RADIAL 1920 1080 2304.0 960.0 540.0 0.0
114 SIMPLE_RADIAL 1920 1080 2304.0 960.0 540.0 0.0
115 SIMPLE_RADIAL 1920 1080 2304.0 960.0 540.0 0.0
116 SIMPLE_RADIAL 1920 1080 2304.0 960.0 540.0 0.0
117 SIMPLE_RADIAL 1920 1080 2304.0 960.0 540.0 0.0
118 SIMPLE_RADIAL 1920 1080 2304.0 960.0 540.0 0.0
119 SIMPLE_RADIAL 1920 1080 2304.0 960.0 540.0 0.0
120 SIMPLE_RADIAL 1920 1080 2304.0 960.0 540.0 0.0
121 SIMPLE_RADIAL 1920 1080 2304.0 960.0 540.0 0.0
122 SIMPLE_RADIAL 1920 1080 2304.0 960.0 540.0 0.0
123 SIMPLE_RADIAL 1920 1080 2304.0 960.0 540.0 0.0
124 SIMPLE_RADIAL 1920 1080 2304.0 960.0 540.0 0.0
125 SIMPLE_RADIAL 1920 1080 2304.0 960.0 540.0 0.0
126 SIMPLE_RADIAL 1920 1080 2304.0 960.0 540.0 0.0
127 SIMPLE_RADIAL 1920 1080 2304.0 960.0 540.0 0.0
128 SIMPLE_RADIAL 1920 1080 2304.0 960.0 540.0 0.0
129 SIMPLE_RADIAL 1920 1080 2304.0 960.0 540.0 0.0
130 SIMPLE_RADIAL 1920 1080 2304.0 960.0 540.0 0.0
131 SIMPLE_RADIAL 1920 1080 2304.0 960.0 540.0 0.0
132 SIMPLE_RADIAL 1920 1080 2304.0 960.0 540.0 0.0
133 SIMPLE_RADIAL 1920 1080 2304.0 960.0 540.0 0.0
134 SIMPLE_RADIAL 1920 1080 2304.0 960.0 540.0 0.0
135 SIMPLE_RADIAL 1920 1080 2304.0 960.0 540.0 0.0
136 SIMPLE_RADIAL 1920 1080 2304.0 960.0 540.0 0.0
137 SIMPLE_RADIAL 1920 1080 2304.0 960.0 540.0 0.0
138 SIMPLE_RADIAL 1920 1080 2304.0 960.0 540.0 0.0
139 SIMPLE_RADIAL 1920 1080 2304.0 960.0 540.0 0.0
140 SIMPLE_RADIAL 1920 1080 2304.0 960.0 540.0 0.0
141 SIMPLE_RADIAL 1920 1080 2304.0 960.0 540.0 0.0
142 SIMPLE_RADIAL 1920 1080 2304.0 960.0 540.0 0.0
143 SIMPLE_RADIAL 1920 1080 2304.0 960.0 540.0 0.0
144 SIMPLE_RADIAL 1920 1080 2304.0 960.0 540.0 0.0
145 SIMPLE_RADIAL 1920 1080 2304.0 960.0 540.0 0.0
146 SIMPLE_RADIAL 1920 1080 2304.0 960.0 540.0 0.0
147 SIMPLE_RADIAL 1920 1080 2304.0 960.0 540.0 0.0
148 SIMPLE_RADIAL 1920 1080 2304.0 960.0 540.0 0.0
149 SIMPLE_RADIAL 1920 1080 2304.0 960.0 540.0 0.0
150 SIMPLE_RADIAL 1920 1080 2304.0 960.0 540.0 0.0
151 SIMPLE_RADIAL 1920 1080 2304.0 960.0 540.0 0.0
152 SIMPLE_RADIAL 1920 1080 2304.0 960.0 540.0 0.0
153 SIMPLE_RADIAL 1920 1080 1786.0947169291544 960.0 540.0 0.015994045580202877
154 SIMPLE_RADIAL 1920 1080 1785.8980955804184 960.0 540.0 0.01612501710421246
155 SIMPLE_RADIAL 1920 1080 1786.3542734585105 960.0 540.0 0.015990887556730785
156 SIMPLE_RADIAL 1920 1080 1786.0488806433625 960.0 540.0 0.017136133368588626
157 SIMPLE_RADIAL 1920 1080 1784.2368634645015 960.0 540.0 0.01689727073010149
158 SIMPLE_RADIAL 1920 1080 1783.0179473709259 960.0 540.0 0.017833802017634817
159 SIMPLE_RADIAL 1920 1080 1777.7828195324885 960.0 540.0 0.019989338561842932
160 SIMPLE_RADIAL 1920 1080 1773.492180132251 960.0 540.0 0.019301835921251825
161 SIMPLE_RADIAL 1920 1080 1771.7631653683504 960.0 540.0 0.019451172753662364
162 SIMPLE_RADIAL 1920 1080 1767.995288686663 960.0 540.0 0.02212195317844401
163 SIMPLE_RADIAL 1920 1080 1768.8202646153836 960.0 540.0 0.01970024253203682
164 SIMPLE_RADIAL 1920 1080 1768.5584800691913 960.0 540.0 0.01780823842844662
165 SIMPLE_RADIAL 1920 1080 1770.5776883918916 960.0 540.0 0.018704420989279935
166 SIMPLE_RADIAL 1920 1080 1771.885560777941 960.0 540.0 0.019188317260788
167 SIMPLE_RADIAL 1920 1080 1771.5091183238549 960.0 540.0 0.01836179918363297
168 SIMPLE_RADIAL 1920 1080 1772.9223895392083 960.0 540.0 0.018539876938331843
169 SIMPLE_RADIAL 1920 1080 1771.6807815239704 960.0 540.0 0.01808202851822429
170 SIMPLE_RADIAL 1920 1080 1770.5653147855367 960.0 540.0 0.01849979076060661
171 SIMPLE_RADIAL 1920 1080 1769.4682113678796 960.0 540.0 0.017847037062631427
172 SIMPLE_RADIAL 1920 1080 1770.5114199603781 960.0 540.0 0.01759240146214857
173 SIMPLE_RADIAL 1920 1080 1768.7773255953412 960.0 540.0 0.016086337260474915
174 SIMPLE_RADIAL 1920 1080 1768.2186073796215 960.0 540.0 0.015445890638533707
175 SIMPLE_RADIAL 1920 1080 1767.7617949362577 960.0 540.0 0.015543369557757817
176 SIMPLE_RADIAL 1920 1080 1771.5286733447592 960.0 540.0 0.013872809826184123
177 SIMPLE_RADIAL 1920 1080 1766.696553395736 960.0 540.0 0.012929254031852355
178 SIMPLE_RADIAL 1920 1080 1767.5041358163787 960.0 540.0 0.012138001861992194
179 SIMPLE_RADIAL 1920 1080 1768.8875900894975 960.0 540.0 0.012460618308957118
180 SIMPLE_RADIAL 1920 1080 1767.9798626921063 960.0 540.0 0.011906658843171955
181 SIMPLE_RADIAL 1920 1080 1767.385551536685 960.0 540.0 0.012381974825029838
182 SIMPLE_RADIAL 1920 1080 1768.2621517582932 960.0 540.0 0.01205678107731745
183 SIMPLE_RADIAL 1920 1080 1767.6021133438917 960.0 540.0 0.012804254491132885
184 SIMPLE_RADIAL 1920 1080 1768.5656005558562 960.0 540.0 0.01287944681663091
185 SIMPLE_RADIAL 1920 1080 1768.7263739264924 960.0 540.0 0.014323255552351285
186 SIMPLE_RADIAL 1920 1080 1768.7474779956096 960.0 540.0 0.015084111260997327
187 SIMPLE_RADIAL 1920 1080 1767.602484047127 960.0 540.0 0.014867495319457505
188 SIMPLE_RADIAL 1920 1080 1766.5289424479572 960.0 540.0 0.013463513572216522
189 SIMPLE_RADIAL 1920 1080 1767.5643931036484 960.0 540.0 0.013587813941414307
190 SIMPLE_RADIAL 1920 1080 1765.9509928506327 960.0 540.0 0.014074265282540792
191 SIMPLE_RADIAL 1920 1080 1765.642664975776 960.0 540.0 0.01523301339583199
192 SIMPLE_RADIAL 1920 1080 1765.6363512347568 960.0 540.0 0.016215631927209633
193 SIMPLE_RADIAL 1920 1080 1766.9556776762342 960.0 540.0 0.01586659779638542
194 SIMPLE_RADIAL 1920 1080 1768.4621497378976 960.0 540.0 0.015669683580457703
195 SIMPLE_RADIAL 1920 1080 1771.3287354466831 960.0 540.0 0.01566754369097764
196 SIMPLE_RADIAL 1920 1080 1771.015751668649 960.0 540.0 0.016440568255741216
197 SIMPLE_RADIAL 1920 1080 1772.0537664111905 960.0 540.0 0.01899944320746066
198 SIMPLE_RADIAL 1920 1080 1771.8835223241174 960.0 540.0 0.02242290789456362
199 SIMPLE_RADIAL 1920 1080 1770.3249303134417 960.0 540.0 0.023340704790198372
200 SIMPLE_RADIAL 1920 1080 1767.9232670098625 960.0 540.0 0.02403416284042053
201 SIMPLE_RADIAL 1920 1080 1767.770621753602 960.0 540.0 0.023985076683834414
202 SIMPLE_RADIAL 1920 1080 1766.7816788183973 960.0 540.0 0.024455352763148783
203 SIMPLE_RADIAL 1920 1080 1764.3964783838824 960.0 540.0 0.021906626844659275
204 SIMPLE_RADIAL 1920 1080 1762.0528777696763 960.0 540.0 0.020361219006827025
205 SIMPLE_RADIAL 1920 1080 1762.9901293662758 960.0 540.0 0.01794461765494751
206 SIMPLE_RADIAL 1920 1080 1763.2978824493393 960.0 540.0 0.014427083117183473
207 SIMPLE_RADIAL 1920 1080 1763.5383355275824 960.0 540.0 0.00910270275823664
208 SIMPLE_RADIAL 1920 1080 1765.4293931869834 960.0 540.0 0.004373754722173486
209 SIMPLE_RADIAL 1920 1080 1764.8490475628362 960.0 540.0 0.00027808795363781585
210 SIMPLE_RADIAL 1920 1080 1766.0288626039426 960.0 540.0 -0.001619362592068592
211 SIMPLE_RADIAL 1920 1080 1767.1410441196354 960.0 540.0 -0.003627969953670738
212 SIMPLE_RADIAL 1920 1080 1769.3387320405252 960.0 540.0 -0.0037643023860799317
213 SIMPLE_RADIAL 1920 1080 1768.426019120953 960.0 540.0 -0.003513152671191742
214 SIMPLE_RADIAL 1920 1080 1771.235966522346 960.0 540.0 -0.0005884633208386393
215 SIMPLE_RADIAL 1920 1080 2304.0 960.0 540.0 0.0
216 SIMPLE_RADIAL 1920 1080 2304.0 960.0 540.0 0.0
217 SIMPLE_RADIAL 1920 1080 2304.0 960.0 540.0 0.0
218 SIMPLE_RADIAL 1920 1080 1782.0333891278099 960.0 540.0 0.006509626410774023
219 SIMPLE_RADIAL 1920 1080 2304.0 960.0 540.0 0.0
220 SIMPLE_RADIAL 1920 1080 1786.1002036573868 960.0 540.0 0.010237494787820694
221 SIMPLE_RADIAL 1920 1080 1785.2870976671898 960.0 540.0 0.010334647071437275
222 SIMPLE_RADIAL 1920 1080 2304.0 960.0 540.0 0.0
223 SIMPLE_RADIAL 1920 1080 2304.0 960.0 540.0 0.0
224 SIMPLE_RADIAL 1920 1080 2304.0 960.0 540.0 0.0
225 SIMPLE_RADIAL 1920 1080 2304.0 960.0 540.0 0.0
226 SIMPLE_RADIAL 1920 1080 2304.0 960.0 540.0 0.0
227 SIMPLE_RADIAL 1920 1080 1785.2270129807093 960.0 540.0 0.015906628152033832
228 SIMPLE_RADIAL 1920 1080 1786.1725359955556 960.0 540.0 0.015955026760202787
229 SIMPLE_RADIAL 1920 1080 1788.6431888837726 960.0 540.0 0.016208290685983687
230 SIMPLE_RADIAL 1920 1080 1789.6306053313638 960.0 540.0 0.01763514124286977
231 SIMPLE_RADIAL 1920 1080 1790.1774266596506 960.0 540.0 0.01814100374501465
232 SIMPLE_RADIAL 1920 1080 1791.0569196992726 960.0 540.0 0.018574723546823314
233 SIMPLE_RADIAL 1920 1080 1790.510737805186 960.0 540.0 0.020508365848031857
234 SIMPLE_RADIAL 1920 1080 1791.5242772633192 960.0 540.0 0.01960508498941236
235 SIMPLE_RADIAL 1920 1080 1791.034688017096 960.0 540.0 0.02004048102587786
236 SIMPLE_RADIAL 1920 1080 1788.478954739114 960.0 540.0 0.020106445465389644
237 SIMPLE_RADIAL 1920 1080 1788.451016582307 960.0 540.0 0.021303947879284624
238 SIMPLE_RADIAL 1920 1080 1785.8706003572713 960.0 540.0 0.022388800156055214
239 SIMPLE_RADIAL 1920 1080 2304.0 960.0 540.0 0.0
240 SIMPLE_RADIAL 1920 1080 2304.0 960.0 540.0 0.0
241 SIMPLE_RADIAL 1920 1080 2304.0 960.0 540.0 0.0
242 SIMPLE_RADIAL 1920 1080 1782.1885859271054 960.0 540.0 0.023443226735893392
243 SIMPLE_RADIAL 1920 1080 1781.2912244821664 960.0 540.0 0.02321788931072113
244 SIMPLE_RADIAL 1920 1080 1779.7202705724533 960.0 540.0 0.023020478498427862
245 SIMPLE_RADIAL 1920 1080 1778.817773763343 960.0 540.0 0.022392988157355593
246 SIMPLE_RADIAL 1920 1080 1777.689514449223 960.0 540.0 0.02212231185796711
247 SIMPLE_RADIAL 1920 1080 1776.2368204697782 960.0 540.0 0.022364629223497533
248 SIMPLE_RADIAL 1920 1080 1774.559743182699 960.0 540.0 0.02191094194586331
249 SIMPLE_RADIAL 1920 1080 1772.2238376596542 960.0 540.0 0.02086897275630039
250 SIMPLE_RADIAL 1920 1080 1770.327291094156 960.0 540.0 0.020655680487655304
251 SIMPLE_RADIAL 1920 1080 1768.0482348769374 960.0 540.0 0.019248378819164347
252 SIMPLE_RADIAL 1920 1080 1767.743392331763 960.0 540.0 0.018724353956342088
253 SIMPLE_RADIAL 1920 1080 1764.0314706347365 960.0 540.0 0.017225570362787143
254 SIMPLE_RADIAL 1920 1080 1764.7846584191689 960.0 540.0 0.01631221359230551
255 SIMPLE_RADIAL 1920 1080 1764.1232330652085 960.0 540.0 0.017114035037495156
256 SIMPLE_RADIAL 1920 1080 1761.6777796824715 960.0 540.0 0.017339109978377544
257 SIMPLE_RADIAL 1920 1080 1760.5058043004137 960.0 540.0 0.01983319783292208
258 SIMPLE_RADIAL 1920 1080 1754.9921213130049 960.0 540.0 0.02246090532089079
259 SIMPLE_RADIAL 1920 1080 1755.1249017058599 960.0 540.0 0.021988822042647304
260 SIMPLE_RADIAL 1920 1080 1753.12676112988 960.0 540.0 0.02101320524584875
261 SIMPLE_RADIAL 1920 1080 1752.7850107753286 960.0 540.0 0.021982128388111186
262 SIMPLE_RADIAL 1920 1080 1751.2062610269145 960.0 540.0 0.02123992461084471
263 SIMPLE_RADIAL 1920 1080 1748.689873341563 960.0 540.0 0.022154670745541914
264 SIMPLE_RADIAL 1920 1080 1743.9607805207465 960.0 540.0 0.022458179046468525
265 SIMPLE_RADIAL 1920 1080 1739.5011687001363 960.0 540.0 0.023291844762460358
266 SIMPLE_RADIAL 1920 1080 1737.065545243686 960.0 540.0 0.02265596637995996
267 SIMPLE_RADIAL 1920 1080 1731.598611331072 960.0 540.0 0.02245644473090948
268 SIMPLE_RADIAL 1920 1080 2304.0 960.0 540.0 0.0
269 SIMPLE_RADIAL 1920 1080 1725.1883622353555 960.0 540.0 0.023707017699271832
270 SIMPLE_RADIAL 1920 1080 1719.795465430847 960.0 540.0 0.024744610219940993
271 SIMPLE_RADIAL 1920 1080 1717.3898951026342 960.0 540.0 0.025553046934137225
272 SIMPLE_RADIAL 1920 1080 1715.6618798290388 960.0 540.0 0.025309728732474727
273 SIMPLE_RADIAL 1920 1080 2304.0 960.0 540.0 0.0
274 SIMPLE_RADIAL 1920 1080 2304.0 960.0 540.0 0.0
275 SIMPLE_RADIAL 1920 1080 2304.0 960.0 540.0 0.0
276 SIMPLE_RADIAL 1920 1080 2304.0 960.0 540.0 0.0
277 SIMPLE_RADIAL 1920 1080 2304.0 960.0 540.0 0.0
278 SIMPLE_RADIAL 1920 1080 2304.0 960.0 540.0 0.0
279 SIMPLE_RADIAL 1920 1080 2304.0 960.0 540.0 0.0
280 SIMPLE_RADIAL 1920 1080 2304.0 960.0 540.0 0.0
281 SIMPLE_RADIAL 1920 1080 2304.0 960.0 540.0 0.0
282 SIMPLE_RADIAL 1920 1080 2304.0 960.0 540.0 0.0
283 SIMPLE_RADIAL 1920 1080 2304.0 960.0 540.0 0.0
284 SIMPLE_RADIAL 1920 1080 2304.0 960.0 540.0 0.0
285 SIMPLE_RADIAL 1920 1080 2304.0 960.0 540.0 0.0
286 SIMPLE_RADIAL 1920 1080 2304.0 960.0 540.0 0.0
287 SIMPLE_RADIAL 1920 1080 2304.0 960.0 540.0 0.0
288 SIMPLE_RADIAL 1920 1080 2304.0 960.0 540.0 0.0
289 SIMPLE_RADIAL 1920 1080 2304.0 960.0 540.0 0.0
290 SIMPLE_RADIAL 1920 1080 2304.0 960.0 540.0 0.0
291 SIMPLE_RADIAL 1920 1080 2304.0 960.0 540.0 0.0
292 SIMPLE_RADIAL 1920 1080 2304.0 960.0 540.0 0.0
293 SIMPLE_RADIAL 1920 1080 2304.0 960.0 540.0 0.0
294 SIMPLE_RADIAL 1920 1080 2304.0 960.0 540.0 0.0
295 SIMPLE_RADIAL 1920 1080 2304.0 960.0 540.0 0.0
296 SIMPLE_RADIAL 1920 1080 2304.0 960.0 540.0 0.0
297 SIMPLE_RADIAL 1920 1080 2304.0 960.0 540.0 0.0
298 SIMPLE_RADIAL 1920 1080 2304.0 960.0 540.0 0.0
299 SIMPLE_RADIAL 1920 1080 2304.0 960.0 540.0 0.0
300 SIMPLE_RADIAL 1920 1080 2304.0 960.0 540.0 0.0
301 SIMPLE_RADIAL 1920 1080 2304.0 960.0 540.0 0.0
302 SIMPLE_RADIAL 1920 1080 2304.0 960.0 540.0 0.0
303 SIMPLE_RADIAL 1920 1080 2304.0 960.0 540.0 0.0
304 SIMPLE_RADIAL 1920 1080 2304.0 960.0 540.0 0.0
305 SIMPLE_RADIAL 1920 1080 2304.0 960.0 540.0 0.0
306 SIMPLE_RADIAL 1920 1080 2304.0 960.0 540.0 0.0
307 SIMPLE_RADIAL 1920 1080 2304.0 960.0 540.0 0.0
308 SIMPLE_RADIAL 1920 1080 2304.0 960.0 540.0 0.0
309 SIMPLE_RADIAL 1920 1080 2304.0 960.0 540.0 0.0
310 SIMPLE_RADIAL 1920 1080 2304.0 960.0 540.0 0.0
311 SIMPLE_RADIAL 1920 1080 2304.0 960.0 540.0 0.0
312 SIMPLE_RADIAL 1920 1080 2304.0 960.0 540.0 0.0
313 SIMPLE_RADIAL 1920 1080 2304.0 960.0 540.0 0.0
314 SIMPLE_RADIAL 1920 1080 2304.0 960.0 540.0 0.0
315 SIMPLE_RADIAL 1920 1080 2304.0 960.0 540.0 0.0
316 SIMPLE_RADIAL 1920 1080 2304.0 960.0 540.0 0.0
317 SIMPLE_RADIAL 1920 1080 2304.0 960.0 540.0 0.0
318 SIMPLE_RADIAL 1920 1080 2304.0 960.0 540.0 0.0
319 SIMPLE_RADIAL 1920 1080 2304.0 960.0 540.0 0.0
320 SIMPLE_RADIAL 1920 1080 2304.0 960.0 540.0 0.0
321 SIMPLE_RADIAL 1920 1080 2304.0 960.0 540.0 0.0
322 SIMPLE_RADIAL 1920 1080 2304.0 960.0 540.0 0.0
323 SIMPLE_RADIAL 1920 1080 2304.0 960.0 540.0 0.0
324 SIMPLE_RADIAL 1920 1080 2304.0 960.0 540.0 0.0
325 SIMPLE_RADIAL 1920 1080 2304.0 960.0 540.0 0.0
326 SIMPLE_RADIAL 1920 1080 2304.0 960.0 540.0 0.0
327 SIMPLE_RADIAL 1920 1080 2304.0 960.0 540.0 0.0
328 SIMPLE_RADIAL 1920 1080 2304.0 960.0 540.0 0.0
329 SIMPLE_RADIAL 1920 1080 1783.3469816601907 960.0 540.0 0.003859461012720868
330 SIMPLE_RADIAL 1920 1080 1784.1493790934012 960.0 540.0 0.0020184102595911793
331 SIMPLE_RADIAL 1920 1080 1783.162464623275 960.0 540.0 -0.0010171403061756117
332 SIMPLE_RADIAL 1920 1080 1787.1189307388431 960.0 540.0 -0.004597319466978016
333 SIMPLE_RADIAL 1920 1080 1789.0009123672971 960.0 540.0 -0.006879949620485095
334 SIMPLE_RADIAL 1920 1080 1787.7592082857125 960.0 540.0 -0.008327583567233883
335 SIMPLE_RADIAL 1920 1080 1788.989763174365 960.0 540.0 -0.00856710775623556
336 SIMPLE_RADIAL 1920 1080 1786.199191789077 960.0 540.0 -0.008837398623513374
337 SIMPLE_RADIAL 1920 1080 1788.300379363386 960.0 540.0 -0.0081135473103218
338 SIMPLE_RADIAL 1920 1080 2304.0 960.0 540.0 0.0
339 SIMPLE_RADIAL 1920 1080 2304.0 960.0 540.0 0.0
340 SIMPLE_RADIAL 1920 1080 2304.0 960.0 540.0 0.0
341 SIMPLE_RADIAL 1920 1080 2304.0 960.0 540.0 0.0
342 SIMPLE_RADIAL 1920 1080 1784.4456787481802 960.0 540.0 0.00031068386958087624
343 SIMPLE_RADIAL 1920 1080 1783.7300230177066 960.0 540.0 0.0008460689181498392
344 SIMPLE_RADIAL 1920 1080 1782.4034167485672 960.0 540.0 0.0018002165761829081
345 SIMPLE_RADIAL 1920 1080 1784.3158081603144 960.0 540.0 0.001048045028629197
346 SIMPLE_RADIAL 1920 1080 1783.0859419562644 960.0 540.0 0.002012778409968077
347 SIMPLE_RADIAL 1920 1080 1782.3110026646555 960.0 540.0 0.002207166116792823
348 SIMPLE_RADIAL 1920 1080 1780.3869438838476 960.0 540.0 0.0020750673530930274
